100
0 921 508 987 0 0 821 667 137 754 554 975 227 944 974 891 899 69 197 20 42 0 825 442 33 353 179 0 0 721 0 653 756 69 590 499 211 205 969 466 249 74 925 784 201 556 252 0 0 416 7 520 389 229 177 278 0 376 519 675 611 56 919 136 548 371 780 801 31 697 707 805 941 0 904 363 410 812 113 305 146 255 711 85 611 286 0 10 785 828 407 245 817 7 944 803 811 0 717 476
0 243 549 779 0 1000 146 0 980 685 985 0 366 0 700 0 894 108 846 0 512 0 998 554 453 133 823 1000 764 985 945 474 114 10 0 402 3 925 209 83 260 935 548 0 0 0 611 349 0 0 0 336 79 997 166 0 0 430 0 0 780 0 124 909 742 770 0 881 476 628 0 523 606 50 467 0 250 429 52 803 627 759 0 176 686 579 55 0 531 722 896 657 0 239 833 547 389 0 909
0 391 177 110 741 655 0 0 0 0 548 270 211 444 590 477 516 0 207 541 989 193 0 343 682 255 759 771 280 803 576 311 659 0 0 874 870 53 482 101 670 454 0 354 797 147 156 692 56 0 932 0 811 929 13 981 988 837 96 179 718 995 700 429 622 811 771 557 445 436 676 262 298 10 658 0 724 235 643 945 358 0 881 211 316 656 299 166 0 0 0 53 0 895 91 566 986 849
0 508 32 301 369 439 630 603 836 457 560 76 553 0 200 263 0 0 794 817 308 0 676 762 0 467 836 0 272 399 991 0 736 0 935 920 474 795 985 321 0 931 0 230 548 406 0 581 37 579 234 0 0 7 611 916 0 719 954 225 614 20 910 42 0 256 16 437 240 43 0 684 176 778 202 0 195 749 957 0 0 823 363 269 271 955 365 441 178 0 441 655 489 778 833 0 0
0 439 979 944 986 0 79 525 630 0 500 774 0 630 182 701 0 929 0 907 0 144 0 828 313 970 950 58 957 867 658 843 520 732 931 472 171 495 535 25 0 371 681 355 919 641 137 594 733 579 704 339 0 590 519 546 946 121 0 0 917 248 341 683 589 286 823 347 196 783 842 0 9 987 626 716 953 302 490 618 307 748 380 341 919 540 174 869 928 578 0 13 91 389 692 0
0 857 0 685 92 652 856 657 0 364 0 564 0 842 0 840 695 406 0 753 652 875 218 0 0 970 648 0 403 0 165 758 0 0 0 0 567 668 935 737 0 548 0 884 590 623 226 0 401 847 582 465 194 993 340 893 0 102 0 235 778 0 672 0 274 0 588 982 120 0 302 235 0 222 258 0 809 800 873 22 326 702 177 863 842 0 511 13 0 0 0 501 0 248 241
0 705 333 565 699 835 814 675 0 0 0 90 231 831 368 13 297 886 998 0 0 218 0 951 0 201 187 213 0 299 318 167 626 527 0 482 0 399 100 581 0 629 512 150 397 874 400 282 216 357 610 207 408 473 398 104 536 692 94 311 474 363 24 828 128 131 0 191 0 34 456 61 807 696 65 0 803 357 220 616 190 0 0 847 103 992 85 0 0 149 0 0 642 468
0 0 0 0 3 165 207 178 929 197 0 888 0 501 0 41 935 672 78 0 767 137 371 387 916 863 2 0 0 261 204 844 0 909 427 987 439 0 264 897 595 0 0 368 377 0 691 514 747 0 101 0 0 0 778 733 735 271 332 546 756 245 242 253 0 0 458 139 0 737 772 0 49 240 124 271 475 115 224 0 116 0 497 763 679 719 136 0 203 567 273 848 217
0 513 0 192 836 0 311 26 750 254 134 929 0 0 0 0 496 743 678 811 862 441 645 949 949 367 373 971 711 124 181 0 890 766 517 758 661 672 25 182 347 249 883 0 570 615 690 901 0 501 913 178 573 780 486 904 836 0 0 0 105 724 673 342 892 362 917 0 876 0 633 0 27 220 899 0 737 100 0 0 0 222 339 468 469 867 669 436 0 229 378 788
0 39 191 561 945 389 0 309 433 845 771 0 696 0 282 139 467 743 107 708 810 142 149 804 863 388 424 733 58 384 206 343 408 249 151 659 698 0 570 314 594 196 801 414 864 769 310 743 361 785 419 467 198 253 673 0 0 970 742 541 859 522 0 0 857 337 32 0 23 530 718 836 636 349 584 459 0 479 971 164 231 834 978 669 114 744 211 748 728 0 2
0 869 973 745 145 293 409 327 0 860 131 767 889 767 0 237 156 619 0 829 701 403 0 0 496 246 215 0 0 752 795 866 0 30 308 859 0 0 534 724 487 706 182 841 645 0 234 35 400 701 699 30 0 650 0 886 98 521 198 733 648 449 978 716 765 212 0 61 0 560 452 173 0 25 167 827 0 84 374 0 299 541 732 427 818 604 995 0 909 0
0 231 692 996 580 772 654 553 0 97 217 380 667 317 181 220 185 776 501 0 603 971 186 673 829 586 570 238 408 0 0 771 0 294 629 547 0 34 445 495 940 696 795 941 0 845 879 0 298 0 143 727 169 51 73 154 0 304 157 897 0 947 697 715 909 846 554 704 851 17 0 722 0 597 706 746 55 763 962 0 0 459 0 0 16 39 804 248 973
0 0 938 637 0 137 0 0 792 0 442 186 253 568 499 874 558 42 455 101 664 302 362 12 271 465 9 387 35 271 158 110 376 703 0 481 0 0 750 0 0 375 652 451 0 778 559 576 717 465 794 755 4 0 16 172 845 0 203 988 215 876 653 305 55 73 936 642 992 406 909 594 0 524 149 510 186 689 253 999 563 874 488 441 0 0 400 0
0 924 170 674 310 949 66 0 287 499 223 645 239 503 614 605 432 284 497 0 607 616 370 0 994 148 663 16 0 11 0 153 796 0 319 0 243 819 0 569 536 0 845 853 148 0 258 618 454 386 0 0 809 260 508 932 31 0 0 0 565 0 0 531 0 221 634 907 463 958 298 318 134 518 0 238 253 190 183 986 829 59 78 236 520 600 0
0 0 972 274 0 466 437 624 478 173 0 653 479 645 0 836 1 977 0 938 755 847 529 225 199 608 561 610 0 0 0 800 382 42 440 590 91 949 153 0 0 364 403 191 877 591 0 0 0 0 0 179 869 0 153 0 0 261 867 650 597 853 168 653 930 888 422 903 120 146 35 950 343 571 486 175 0 872 26 46 893 879 596 479 951 589
0 227 0 773 347 606 531 98 961 783 0 924 463 964 583 239 764 802 126 109 766 943 0 176 260 393 962 198 229 824 589 592 476 114 774 847 0 0 303 216 583 846 262 949 945 724 169 346 315 956 485 831 270 497 16 242 699 588 84 292 758 142 0 916 585 945 0 216 412 616 92 651 476 0 467 103 753 932 550 941 748 835 667 230 782
0 815 107 984 336 0 388 0 15 768 0 348 560 0 475 394 556 893 792 657 593 735 957 81 714 820 180 845 0 569 566 423 0 303 529 970 715 131 218 0 300 137 914 459 87 79 723 835 185 462 0 733 752 757 940 0 320 388 210 645 260 697 408 0 827 86 748 467 111 820 408 68 583 789 842 460 0 979 0 0 335 0 560 389
0 643 0 533 268 966 0 0 0 74 567 462 410 179 0 952 25 545 992 0 897 664 469 15 730 853 945 414 0 0 228 690 32 798 398 460 853 629 369 180 40 791 0 996 872 866 357 608 82 868 560 874 43 361 835 0 265 135 845 637 0 578 340 0 983 0 54 864 7 247 363 155 57 119 43 785 260 542 119 943 501 733 494
0 0 511 679 0 0 695 593 4 418 250 76 783 938 157 879 976 101 330 516 293 42 554 0 695 730 528 541 0 234 168 767 134 595 990 205 572 0 264 676 497 90 0 415 0 382 0 405 801 84 0 895 721 983 32 0 2 0 785 0 0 106 543 191 879 423 0 505 0 237 0 714 566 458 0 689 716 120 0 0 696 80
0 696 0 877 187 53 970 187 828 472 911 0 122 185 0 0 614 811 126 732 609 100 696 696 0 0 0 37 484 994 975 0 942 336 111 0 715 0 0 91 126 806 923 0 957 91 888 671 0 886 262 324 88 878 347 909 176 0 0 941 134 0 0 797 526 0 0 86 0 310 546 530 0 0 997 292 961 799 135 629 327
0 552 0 0 0 0 0 555 329 542 43 0 0 0 986 91 0 36 646 989 239 976 0 860 758 0 300 402 894 489 685 391 634 625 149 0 866 269 28 75 0 0 907 803 14 890 0 0 471 973 293 0 645 0 0 426 470 297 302 203 695 420 924 698 731 1000 502 244 0 0 0 515 634 231 575 800 689 535 29 0
0 819 0 307 0 0 846 0 838 174 366 457 0 0 0 974 544 587 147 912 0 0 971 0 738 824 340 711 248 745 0 0 543 0 250 53 700 821 463 614 0 676 714 19 0 0 989 201 345 525 949 191 501 819 350 89 549 721 992 76 688 0 166 0 457 0 0 119 937 314 0 145 0 0 252 0 0 993 442
0 691 0 451 969 519 601 0 94 242 797 783 0 995 598 580 0 432 183 0 0 75 765 545 235 202 527 82 463 10 358 0 0 836 0 375 972 996 895 0 914 658 695 501 70 0 720 679 899 464 236 463 132 733 256 0 715 919 256 512 714 520 387 312 118 95 253 543 0 562 44 509 523 366 417 22 983 817
0 269 225 827 0 993 349 291 441 324 1 570 990 381 168 251 0 900 231 923 222 0 212 136 415 179 0 930 570 197 484 45 233 352 30 539 284 656 450 611 452 156 0 880 701 709 0 31 453 0 0 139 380 0 652 375 0 650 806 335 476 0 86 296 307 411 870 20 0 895 326 0 836 216 679 287 39
0 23 490 521 918 375 626 456 853 319 0 304 241 491 326 508 0 0 648 807 102 0 92 929 2 0 0 896 611 950 945 774 148 839 0 0 984 143 173 383 436 350 708 0 982 625 87 0 0 0 0 720 567 176 0 0 0 995 0 439 0 77 45 964 661 134 56 679 520 0 582 820 0 641 0 103
0 732 365 733 983 0 911 0 659 0 0 474 281 972 806 403 0 479 797 289 130 904 0 739 862 208 948 852 0 326 597 140 200 361 843 58 692 949 574 0 0 544 291 0 0 634 266 0 0 757 833 537 317 580 574 0 957 38 432 0 3 0 328 269 807 49 280 630 55 288 332 0 548 0 624
0 352 946 988 932 822 72 334 777 0 3 0 663 0 0 903 917 176 0 972 45 16 90 610 258 0 382 816 0 0 970 321 708 0 166 417 631 257 194 219 80 0 266 703 636 0 617 591 588 332 0 801 689 717 439 147 370 128 670 721 481 820 0 339 236 109 980 374 66 0 950 0 167 0
0 0 660 831 442 0 0 463 251 569 10 46 307 313 562 49 0 0 451 974 776 224 967 826 459 783 441 0 995 0 0 0 829 0 508 919 836 825 870 669 0 354 0 723 0 0 0 602 673 426 253 602 177 57 953 807 450 333 278 654 966 913 684 182 0 0 975 159 0 95 367 181 0
0 508 131 740 903 726 844 293 0 438 995 0 286 337 727 13 0 573 820 867 788 391 955 618 401 811 407 0 372 785 231 0 618 632 785 445 860 967 691 151 0 812 762 974 558 758 815 836 754 0 545 180 0 137 67 855 96 364 175 497 972 667 48 696 864 605 6 0 872 0 0 625
0 716 0 177 227 105 151 314 584 0 599 157 0 445 0 0 141 902 0 50 967 0 445 740 916 0 215 0 511 219 967 0 298 190 900 0 485 698 64 947 0 449 89 540 751 0 296 954 591 778 0 609 0 0 6 141 98 208 271 0 829 66 0 241 716 141 588 907 0 892 828
0 343 0 1 761 0 565 845 815 0 691 4 900 801 0 119 0 579 720 268 0 779 723 5 0 321 0 194 895 701 445 627 666 407 0 895 499 900 0 395 871 58 0 516 710 574 0 438 156 97 0 0 0 0 0 559 0 16 359 296 641 443 805 376 481 706 337 0 309 979
0 0 486 452 72 0 141 0 0 0 0 0 399 790 440 0 777 434 548 586 513 332 733 0 403 155 160 0 806 566 0 0 265 269 0 908 0 0 767 497 0 0 0 939 962 3 0 192 429 281 246 0 660 0 985 662 472 382 824 24 221 0 21 711 765 315 564 311 397
0 428 396 75 757 0 725 833 946 106 0 0 335 134 266 877 745 438 574 159 234 715 0 141 0 138 692 542 395 333 378 166 429 5 925 114 416 0 176 0 922 0 0 0 173 386 797 0 107 0 696 908 0 0 451 310 0 820 228 795 539 313 0 836 562 693 590 272
0 74 410 782 643 411 603 598 396 794 657 0 0 958 0 765 0 552 443 887 404 350 592 0 673 672 327 581 733 352 826 531 106 0 973 950 606 0 716 0 0 14 350 474 0 956 429 890 692 750 931 216 377 0 0 915 401 477 759 690 716 328 54 174 0 557 0
0 303 987 255 803 172 0 159 897 0 0 15 99 0 0 282 553 690 904 454 9 111 420 0 345 959 840 128 872 308 67 743 281 0 0 549 823 379 695 954 0 0 628 286 314 693 0 0 0 0 0 38 626 8 779 0 746 462 710 2 510 468 426 0 97 502
0 600 0 262 936 879 0 577 760 318 349 654 595 0 0 550 7 679 0 0 926 0 12 0 928 937 488 915 113 274 0 568 935 500 637 927 734 0 619 500 708 774 872 795 90 793 0 718 0 597 808 47 387 567 938 856 0 190 21 181 4 88 47 0 143
0 363 749 702 74 954 0 233 302 987 0 58 0 824 590 446 854 612 190 628 703 33 795 659 114 813 358 712 806 336 24 473 216 797 973 0 0 0 813 0 0 209 971 918 989 0 750 824 72 908 772 316 93 344 356 299 0 317 443 324 242 943 281 481
0 2 560 51 441 326 515 273 830 584 529 315 518 578 896 611 731 812 988 148 519 934 881 616 345 197 816 257 699 171 122 704 21 0 349 0 948 656 583 851 145 816 608 846 425 340 613 946 125 968 418 7 251 146 773 990 759 0 0 0 400 53 784
0 506 0 281 0 319 687 162 706 69 655 599 568 0 235 0 865 324 0 136 674 299 626 91 309 451 891 311 370 168 773 0 0 204 974 784 273 0 0 353 0 248 0 444 469 897 648 48 416 439 435 541 422 13 183 63 297 346 63 334 175 0
0 0 695 210 102 0 0 729 830 528 544 186 879 715 562 290 0 864 445 523 49 856 515 459 287 388 0 129 713 820 542 338 0 24 746 0 41 0 0 0 0 588 0 246 782 0 767 0 509 938 775 875 613 403 782 0 74 234 474 767 773
0 251 936 908 615 973 382 0 320 71 923 700 0 171 731 919 0 192 347 293 72 50 407 953 0 960 927 781 182 917 863 468 658 0 0 0 244 189 331 641 689 511 594 925 0 534 572 262 320 0 878 0 937 0 893 71 43 985 0 268
0 0 970 461 0 0 938 313 246 943 36 868 79 686 263 0 0 692 588 78 0 136 0 184 392 81 0 62 655 0 345 662 394 573 0 297 385 0 145 0 73 695 583 0 41 0 167 2 357 106 70 566 0 395 689 988 61 0 0
0 404 756 151 845 0 417 111 639 0 654 638 705 168 623 154 294 933 703 116 845 636 0 775 0 0 443 430 920 0 639 782 32 495 673 497 182 984 632 0 0 25 615 362 67 511 0 10 0 232 0 847 0 579 242 712 646 38
0 392 0 160 360 690 0 665 545 266 800 0 349 800 856 0 376 339 718 357 0 775 159 846 0 756 0 0 497 737 722 508 444 392 0 256 643 0 332 0 840 495 188 68 436 514 0 0 701 672 621 119 0 657 349 792 725
0 0 123 307 167 1000 358 226 0 72 170 821 340 749 0 987 0 163 14 0 274 10 535 992 0 159 0 0 849 777 486 141 888 811 0 208 257 659 902 393 0 282 0 332 627 311 129 0 124 0 0 0 0 529 448 193
0 452 50 114 158 0 689 221 0 0 127 457 874 0 473 529 857 999 0 330 179 658 754 602 268 596 523 53 0 689 659 363 629 363 0 0 731 617 362 51 966 100 944 612 77 135 810 912 0 0 899 843 0 0 417
0 0 12 977 642 880 0 0 0 500 0 718 721 1000 299 627 318 364 672 0 752 42 565 152 924 112 0 347 142 794 0 942 269 999 440 680 410 0 403 777 0 280 905 762 0 452 195 584 0 966 393 700 731 795
0 289 924 119 0 483 750 422 470 797 0 0 961 186 281 273 817 141 0 0 0 414 89 0 342 0 0 0 941 10 199 850 799 662 0 569 382 284 334 807 61 751 607 295 512 383 113 72 107 27 88 161 274
0 428 637 639 992 750 0 698 626 463 921 157 675 764 255 856 571 396 947 848 458 544 130 967 5 413 237 216 242 0 895 393 579 346 232 319 417 92 509 867 753 132 557 364 805 378 543 0 110 888 643 837
0 927 645 845 286 922 0 779 0 0 346 304 0 276 503 903 138 0 988 974 0 412 525 0 361 304 0 652 545 0 768 200 819 918 675 577 766 492 431 249 772 771 814 735 651 464 0 829 0 0 851
0 269 0 564 640 0 699 316 110 0 337 408 964 55 771 826 177 587 59 0 922 0 0 57 0 515 0 827 0 676 770 0 0 430 317 0 556 0 160 806 752 89 0 47 498 996 828 0 239 0
0 931 0 597 0 657 765 904 249 397 231 758 409 223 305 0 534 645 120 657 142 0 0 176 996 46 1 0 898 0 410 486 0 0 618 785 0 333 225 0 587 388 144 496 554 399 879 945 629
0 912 0 0 844 0 0 294 880 826 811 623 91 119 297 124 0 0 112 755 460 47 0 362 970 740 866 72 512 176 0 154 64 294 0 634 948 382 743 623 589 933 296 453 0 617 322 467
0 16 755 463 0 859 492 533 133 48 462 92 0 250 846 121 563 237 0 160 14 714 0 897 972 535 271 641 0 570 691 0 0 0 544 386 0 290 768 864 658 689 398 302 0 915 643
0 300 0 121 0 548 0 199 159 652 736 233 0 334 583 0 476 12 713 0 127 973 0 450 0 0 795 366 418 889 278 369 339 386 533 903 0 934 0 244 738 0 188 234 653 587
0 0 967 581 194 0 333 145 621 836 334 786 0 43 828 280 796 806 0 16 0 0 393 149 804 947 0 732 477 0 170 816 172 141 377 94 0 955 431 0 535 403 56 132 448
0 596 770 678 780 0 593 515 869 238 460 168 0 127 141 445 588 241 116 75 71 0 690 0 625 287 624 647 190 413 226 0 919 357 400 802 253 51 354 0 0 0 833 358
0 562 175 197 105 328 870 921 227 152 725 397 104 892 935 223 782 234 329 445 0 290 91 805 953 514 469 41 949 212 743 474 0 571 490 61 406 921 289 835 347 709 0
0 28 214 932 433 387 298 0 1 0 142 661 407 661 452 0 778 6 139 0 109 397 0 436 0 398 369 0 300 0 479 165 61 630 362 353 915 500 111 293 662 126
0 562 567 616 933 0 864 571 294 0 946 589 376 373 655 885 643 594 245 251 0 753 594 667 143 835 801 28 310 0 0 560 361 73 11 164 0 683 0 0 236
0 852 767 768 582 634 179 795 878 259 0 276 0 147 7 747 584 119 514 871 420 314 505 539 460 865 369 0 555 131 324 572 853 944 441 305 881 568 576 185
0 695 79 388 58 251 351 739 0 0 420 0 0 439 977 495 130 564 0 370 442 577 59 3 163 151 555 364 702 776 896 339 128 876 632 916 732 0 480
0 389 968 0 0 876 0 516 553 178 0 1000 158 707 281 0 967 894 539 845 0 490 710 0 798 284 227 416 388 549 615 926 0 572 861 465 622 27
0 42 852 202 0 337 756 537 565 723 955 0 0 161 0 353 795 854 144 0 807 0 128 991 106 0 35 0 812 394 409 505 359 686 704 127 572
0 805 872 618 131 396 333 223 854 919 350 382 399 0 72 85 163 314 0 196 997 251 0 722 70 803 66 595 475 17 0 0 661 117 0 51
0 53 652 748 645 579 747 815 491 844 0 234 730 670 173 510 0 140 529 400 430 44 684 764 675 251 152 0 664 732 200 401 304 0 492
0 986 666 801 0 66 870 231 524 960 827 295 191 0 329 477 672 0 322 924 684 25 261 599 566 0 0 971 176 632 18 162 537 0
0 0 730 202 373 481 785 0 735 950 0 869 395 86 58 466 815 279 19 975 143 0 38 209 0 97 0 997 249 350 977 682 343
0 211 764 660 0 227 61 943 832 999 160 306 826 213 623 765 284 964 807 0 667 272 677 607 605 769 605 0 981 280 0 591
0 752 319 535 99 95 269 984 0 954 0 637 566 316 428 862 921 992 6 0 792 916 988 0 754 993 903 994 557 505 126
0 0 887 0 0 589 0 835 307 4 882 145 350 739 940 545 0 409 0 211 0 346 364 0 275 342 158 33 630 374
0 0 309 0 801 414 570 983 289 946 0 168 931 0 734 0 376 932 608 40 2 558 823 0 178 27 418 633 185
0 946 0 800 718 160 995 901 518 676 814 175 471 653 0 87 154 293 501 311 157 0 772 398 999 166 0 346
0 769 891 975 961 172 672 90 923 967 0 899 921 634 97 468 0 860 999 353 0 0 72 121 0 221 850
0 0 0 0 0 473 486 623 0 0 394 558 328 736 791 783 496 804 278 275 919 0 916 430 515 252
0 64 0 620 428 0 482 501 0 0 320 231 512 0 712 475 333 0 635 478 0 206 0 0 406
0 982 397 0 264 0 926 805 252 145 0 76 624 904 359 266 0 914 0 301 169 658 0 236
0 875 0 926 0 105 347 20 475 23 0 949 0 0 0 349 79 165 897 351 0 147 634
0 274 912 0 890 781 0 31 355 874 613 154 260 998 485 863 0 442 191 11 501 759
0 925 95 733 0 650 0 28 988 0 0 551 856 66 399 0 949 0 513 0 166
0 417 195 201 0 0 787 0 530 333 455 200 179 264 350 902 576 961 727 328
0 240 0 758 0 740 0 716 327 32 864 561 613 201 220 0 614 414 898
0 0 88 449 0 304 68 841 809 279 637 297 796 0 551 618 655 157
0 619 0 954 60 911 861 0 572 373 393 266 0 695 386 112 0
0 510 698 769 612 0 635 609 284 151 378 529 273 371 677 527
0 987 378 0 399 0 0 580 829 0 278 0 712 257 704
0 939 462 660 679 672 856 0 583 354 443 612 586 255
0 438 743 128 735 434 832 926 0 685 999 0 741
0 0 811 909 162 823 9 335 334 535 224 486
0 822 0 0 282 120 989 771 22 564 114
0 852 375 760 756 298 13 490 654 0
0 134 478 0 0 595 718 810 145
0 611 18 355 0 632 377 0
0 82 342 0 0 469 93
0 208 13 444 353 0
0 0 314 106 0
0 480 0 950
0 367 565
0 0
0
