100 0
udyfbfsyuhklf
jzxlaxphlctti
jtweilukcnmcc
tdpwmfprvrkkx
jgpqdquyyorvq
ygsytibwlgcgh
qekhwerkmhqhk
ehgxujvnxlahg
ecbepdukkqcpu
fwihjgwujnolc
qoqzmwhzgdkjd
rrhgwxjsxphrf
rtyypymflpekm
lbpodmtmdrnki
nscwmxcieymei
qykaiummwjigt
elqyzkkdabwbx
jyreogvqgmbsa
tzbpwdbwvkuld
vqdetcxaofyuw
ksiavbpdvzjih
wwuutpwkrzfoj
yecpvyjxaxbkd
jaoefnaivuqlg
asxcbefjuscwz
imczldxitoeov
kdwipzcqgekgx
vlsuhzbvjqrjx
oxqdurhblhxxg
yiumajuvqjmfx
veqpztkgqginz
mnchcbbnoqgqe
bownpbqsslxqc
gsjoksjldngoi
zinirjmjvunyq
fwrneykrllopl
cxyitaqlmrhrk
nmvgdrzrlyghi
ubjkrdzkgufho
pxdxoqeaxoybb
pljcbjpvnkicx
ansmidyrwxhfp
hjchcqnmgsooe
wdeiofsqwvefq
hwtyljgsdfazr
rcwwcteudbdtl
qbtsyykduudbj
lonzbhfucriel
sddhvtdoivitf
wlpxqfzxqsrby
czmhhtgyxwwij
hdocbnmotalbx
yuwzpkrkgyiqr
rvqigcatthpmu
tsxpvhvvtwxio
lfblvfmfrdoei
wfixqsdyhgpvv
plrmtdykeflcq
esquidjiyjlcv
ozyqyehygvtxy
fffmyvshfvwrc
webyjyyundlyu
aivpwatmyupam
qaxcfxuramftu
oygbwyvuxcaqf
hmxdnxeygancg
tlhivrvpdfkop
gctwyjysrhvke
twgckzasipuug
urqmaytoeuend
flhwjjccyoigm
qqocydvgwrcjz
whnvfxqkcugyx
qcqgvjxobtjpm
tvfvxupvkrjmi
vnqpeolpyylgu
ccsxrfansoctq
piqjgaeetqqqr
zqlvhdniehhla
zubxomkwacgth
uoldddobjlozf
wqepgunblnkzd
evbtztyjucenp
igecowfpxrgnt
cjlxpahikjddz
utnyykaixlxoc
okbahjsjaislo
qhydiwolhcqyk
bkyajbvipyied
paopiyyfvaftz
ndrqrvkwdaqvf
rskijookfjzrv
whmiawfwjaonl
rwlfjmhbdrile
ewnvcwtpuakhq
bdupwqfraqmsb
vcrknoirinnos
irujusypawtfg
gpatrkebmcvoo
nowxemguoenwm
0 0 98 609 0 0 232 261 0 0 819 238 402 499 850 62 0 216 218 0 0 71 813 864 439 135 0 452 396 958 310 365 101 0 343 915 428 344 421 134 0 548 25 147 224 0 9 992 311 781 0 890 843 152 51 524 607 536 658 824 963 600 876 765 424 577 0 841 0 992 396 0 0 951 915 377 481 582 40 599 957 0 569 415 118 365 733 992 414 243 274 0 289 0 465 793 0 0 393 215
0 0 136 724 845 991 166 624 967 0 799 151 0 933 78 0 0 442 712 0 103 955 960 781 815 480 896 0 338 404 876 0 0 402 539 433 0 191 0 890 633 117 0 32 111 288 683 736 434 385 430 166 128 957 827 657 776 82 0 140 867 328 449 994 940 338 0 501 155 0 0 964 734 0 104 189 0 106 821 19 291 812 681 722 387 658 0 0 40 526 628 505 0 797 0 196 76 533 311
0 815 0 4 0 0 362 193 267 674 0 449 589 793 188 425 0 632 405 380 154 0 0 10 830 99 406 782 728 402 698 941 428 950 632 575 778 0 598 0 174 633 347 391 0 40 886 942 157 0 703 94 639 794 447 601 619 950 664 986 556 508 23 275 121 33 160 457 720 661 903 0 813 240 103 411 394 238 590 830 207 0 344 417 0 0 206 725 0 0 478 955 8 0 197 0 0 0
0 990 485 91 812 304 0 0 96 219 52 74 595 980 822 887 39 0 630 421 315 534 7 988 992 621 304 656 189 0 543 0 786 354 100 0 534 739 251 936 236 863 0 0 919 172 871 401 224 0 396 864 0 406 119 924 494 329 53 347 348 855 442 469 507 613 939 490 0 797 600 732 668 955 643 399 816 631 532 0 979 825 182 111 764 519 843 0 0 656 346 698 825 950 172 501 61
0 356 484 805 276 494 573 266 740 976 981 427 34 60 411 119 101 348 582 302 781 787 500 0 942 411 797 842 82 0 408 0 0 695 0 567 505 0 56 491 0 228 84 427 63 642 986 0 0 696 793 0 338 816 654 0 635 548 746 0 374 0 176 931 11 776 931 779 733 436 0 363 0 784 715 610 546 983 394 0 258 854 567 109 621 831 176 923 718 0 765 681 138 302 627 91
0 293 571 566 0 600 559 259 845 178 409 670 94 0 799 45 82 0 492 0 138 498 49 47 740 322 746 0 880 886 684 623 571 0 0 868 0 905 856 783 58 0 0 327 0 523 229 710 637 81 128 836 234 989 348 0 701 276 231 295 934 473 850 375 683 369 647 735 806 0 0 392 40 521 109 0 885 742 791 853 426 778 349 238 1 733 644 111 0 884 527 0 110 872 478
0 12 479 0 947 0 176 0 131 7 637 909 390 593 897 0 0 10 465 48 544 0 2 228 7 578 147 604 185 296 513 161 0 218 11 441 576 0 875 985 302 745 0 727 949 0 0 827 938 0 387 0 511 0 35 475 0 0 619 191 0 473 745 298 248 104 802 0 966 679 753 154 0 0 2 371 964 595 697 0 749 0 979 914 0 0 0 679 899 600 56 0 411 982
0 876 0 265 822 95 834 100 584 810 453 921 569 555 0 142 368 614 302 0 0 882 737 169 190 266 925 656 207 601 109 896 363 616 513 99 895 407 353 166 471 120 993 296 0 234 934 322 826 958 965 129 781 880 660 0 62 772 233 156 594 982 356 540 445 102 156 25 499 868 305 229 698 487 938 596 358 616 344 189 0 477 546 0 104 557 786 0 0 0 246 970 0
0 153 289 137 0 495 0 444 359 546 873 850 0 596 674 380 50 0 13 0 878 99 537 687 798 312 440 474 190 135 0 752 686 351 0 0 418 0 824 839 745 889 845 0 528 559 293 0 122 527 255 404 614 511 983 0 420 55 421 305 875 897 983 549 353 404 725 409 588 232 0 608 819 0 0 0 256 331 968 50 0 762 833 0 365 446 0 880 306 0 354 820
0 242 704 0 0 0 793 56 122 278 151 308 296 0 0 384 139 92 158 121 623 501 75 87 220 13 279 227 469 894 651 0 723 226 606 645 411 668 255 867 0 615 0 0 0 171 0 876 0 209 218 909 158 85 305 755 0 0 0 759 0 306 98 0 780 0 498 353 231 987 368 0 413 865 0 970 0 713 532 0 291 793 0 0 20 409 369 929 0 639 344
0 269 738 0 253 307 0 94 429 490 188 247 0 893 36 0 438 0 261 191 155 37 0 422 45 0 825 754 605 109 997 643 7 620 671 134 989 903 935 369 476 0 664 609 355 373 880 148 810 323 0 0 0 309 448 442 0 399 175 440 0 503 336 424 749 230 520 0 464 96 0 206 740 222 412 242 726 0 247 0 28 772 317 379 788 0 0 357 822 413
0 0 855 0 924 178 0 999 214 0 0 89 911 686 385 726 493 487 999 197 889 764 0 0 115 577 145 951 994 989 744 0 417 183 0 475 267 610 336 0 0 0 349 931 815 104 938 212 179 433 524 584 63 722 701 657 1 101 783 166 644 295 17 984 378 335 130 439 992 0 821 0 205 643 720 34 383 457 32 895 0 0 80 688 720 609 287 77 898
0 982 404 445 99 32 834 805 0 546 568 964 473 900 580 932 985 734 482 609 969 509 688 0 989 407 726 462 0 0 433 0 874 759 943 725 31 706 178 141 106 783 566 26 0 0 333 819 420 762 868 59 196 684 159 53 427 871 0 314 645 230 944 170 612 98 383 287 0 800 0 161 312 0 237 572 0 610 34 268 292 860 891 0 433 862 275 0
0 579 246 331 805 386 877 159 926 30 99 393 795 647 131 137 634 540 351 73 0 761 0 272 0 0 561 683 535 600 0 352 51 908 7 110 228 0 759 116 174 886 978 503 126 531 195 382 0 0 861 495 595 588 0 144 0 801 577 247 0 0 528 827 0 104 607 0 570 680 0 564 114 873 569 806 0 213 502 771 0 707 34 922 732 0 815
0 285 0 484 603 630 92 671 0 887 526 114 640 929 816 171 145 651 0 733 852 638 0 147 0 101 786 140 633 448 842 775 435 541 649 958 781 686 194 172 767 352 954 503 964 258 887 776 543 855 563 0 523 654 0 793 903 860 473 217 530 704 719 287 514 413 561 0 0 467 265 761 0 0 727 722 411 37 310 816 205 73 659 0 0 137
0 33 814 218 281 381 649 245 323 0 853 92 860 595 0 216 970 963 839 590 0 940 0 584 335 637 791 0 43 0 841 0 0 738 0 491 84 216 600 528 395 22 651 430 71 739 612 632 300 820 10 209 939 967 53 905 276 635 638 262 985 24 0 627 0 833 175 804 0 0 400 923 552 429 0 297 656 305 0 11 360 90 655 653 706
0 487 0 427 78 824 823 249 839 679 0 11 502 952 687 0 60 520 311 40 949 0 659 179 408 791 0 693 295 369 790 45 595 208 686 656 729 906 22 29 484 0 312 421 582 276 927 620 541 577 46 405 817 0 10 0 563 859 529 937 679 327 806 983 0 201 555 645 0 936 899 517 0 0 578 714 0 0 874 447 882 476 0 80
0 0 279 373 264 447 0 838 814 655 875 0 654 459 326 6 175 387 654 450 72 541 707 0 323 139 0 0 817 0 539 609 717 684 140 992 19 382 651 320 314 0 327 484 960 0 67 645 891 776 363 0 0 610 758 175 653 224 883 834 319 159 441 826 152 932 0 372 870 828 286 247 446 937 88 300 878 995 458 237 720 481 0
0 929 946 647 0 0 809 572 938 518 978 586 410 79 830 0 118 519 0 0 0 0 134 0 387 786 966 971 631 48 807 814 213 172 637 158 0 220 331 101 0 43 0 0 0 272 862 760 664 831 0 47 0 241 989 447 212 59 0 608 0 807 909 0 470 526 181 829 259 488 806 338 0 927 0 393 782 0 192 165 660 459
0 448 617 1000 734 334 753 578 664 0 722 0 657 296 491 0 839 159 757 0 0 743 0 0 701 51 203 27 0 920 527 868 396 236 533 738 222 0 0 338 891 379 528 887 726 165 389 866 737 294 104 944 828 876 237 971 971 405 256 488 579 0 897 452 303 429 301 0 327 467 919 16 865 803 0 495 34 516 899 983 53
0 0 782 134 628 517 337 681 0 506 0 828 875 697 657 377 361 891 343 325 566 781 0 779 0 82 97 669 983 299 37 384 0 900 765 809 951 552 0 0 95 0 762 0 171 831 127 0 385 360 942 460 0 692 0 484 317 937 0 206 631 207 0 488 75 421 248 44 0 169 0 133 318 0 389 906 847 784 490 825
0 920 0 491 481 735 448 863 0 166 722 371 630 946 0 107 223 18 404 693 577 226 935 1 533 20 0 670 354 135 0 0 580 72 508 18 275 591 16 0 840 0 723 357 893 718 300 674 383 839 785 485 921 0 983 0 263 666 0 173 546 181 963 342 665 58 999 867 944 45 4 526 83 564 916 356 917 122 456
0 109 105 931 120 994 890 826 603 860 284 881 948 451 0 709 743 668 358 178 942 789 0 0 548 133 758 132 536 979 581 51 386 0 0 757 0 419 155 0 966 0 640 222 484 878 4 842 858 486 146 313 292 251 741 927 425 0 727 84 256 0 765 0 625 978 964 561 44 710 739 294 310 781 397 674 0 196
0 892 694 589 870 211 502 345 0 0 0 296 934 354 450 612 0 310 0 431 361 734 631 851 697 125 242 493 860 870 776 847 688 281 0 744 0 508 124 102 178 0 0 433 0 759 0 19 182 63 0 471 763 120 673 788 873 180 0 335 921 629 458 988 582 761 516 257 47 0 202 738 607 555 0 318 683
0 543 184 617 42 879 208 561 954 0 602 0 954 0 0 11 875 532 924 654 249 644 0 0 776 82 220 840 855 415 694 0 778 0 0 232 0 430 96 254 0 0 820 0 644 238 603 713 837 827 975 0 14 246 147 404 731 235 348 668 0 439 580 0 652 291 962 195 65 399 447 0 380 186 712 0
0 142 160 952 847 362 530 0 967 988 375 0 235 953 983 0 199 378 243 888 0 624 0 110 0 84 539 701 0 533 504 650 815 0 342 139 834 167 645 606 0 88 0 0 226 430 380 0 112 513 200 479 403 38 136 74 0 802 777 932 0 168 220 812 921 413 647 443 734 167 313 0 139 0 527
0 835 0 422 30 0 131 596 799 455 129 246 108 321 749 0 972 0 196 803 404 80 779 538 0 828 302 190 0 750 599 310 53 761 0 350 521 119 234 132 164 67 0 806 0 612 933 178 231 735 311 883 394 229 729 850 19 0 553 315 838 329 574 0 746 152 734 0 0 17 183 621 360 0
0 827 877 534 295 275 0 0 461 404 440 642 380 946 0 58 20 0 566 380 930 0 837 811 22 996 545 659 270 253 138 215 379 217 234 137 800 737 694 462 0 481 936 341 510 337 571 0 180 640 278 312 494 54 0 805 960 923 225 522 0 674 853 320 551 0 941 242 973 59 0 891 473
0 252 667 251 0 377 878 441 948 0 0 409 819 102 0 513 0 686 802 0 2 0 802 332 0 599 547 402 111 611 0 723 849 683 0 866 330 429 622 148 707 153 855 0 852 66 755 588 632 878 972 560 663 679 403 79 590 557 0 360 3 400 264 145 762 389 40 579 643 663 788 591
0 301 0 0 955 0 840 327 661 299 385 0 938 680 704 0 881 698 686 114 62 0 763 0 0 116 309 795 553 59 434 0 660 680 294 647 621 437 1000 829 594 395 0 616 558 99 0 183 227 362 993 542 538 0 38 806 832 0 407 236 576 552 897 863 82 714 136 185 976 534 771
0 846 673 896 343 634 170 253 69 748 0 653 948 294 0 824 410 469 585 550 151 543 558 428 98 28 803 17 0 677 831 917 513 937 771 553 96 0 181 511 43 193 912 273 498 872 71 517 707 247 534 365 0 489 0 425 0 546 470 433 981 0 0 610 189 304 66 159 108 322
0 420 256 200 513 847 374 146 278 789 244 228 314 448 0 920 535 577 850 523 0 0 804 0 157 400 567 816 823 0 417 376 0 0 493 439 937 917 189 0 598 0 717 501 12 952 924 652 0 467 84 0 425 589 843 816 139 0 968 958 782 0 617 790 651 192 410 0 852
0 732 130 489 896 838 111 0 559 396 243 923 811 0 0 252 466 250 523 414 0 878 338 535 573 500 0 451 682 674 462 627 916 309 577 0 247 60 0 0 295 90 35 0 125 0 579 115 302 157 45 0 506 220 812 483 0 641 431 475 147 738 83 75 0 0 686 0
0 0 0 253 455 120 157 665 664 0 136 0 0 204 542 981 690 206 605 661 796 0 0 842 0 624 202 912 634 844 638 310 0 434 329 965 802 0 24 106 294 610 214 621 877 0 992 145 552 685 704 465 187 975 213 476 209 0 464 94 144 0 698 851 89 955 639
0 0 249 913 432 889 47 743 72 236 867 320 902 0 92 871 321 68 847 277 389 535 364 807 6 634 259 0 376 651 147 595 740 45 0 17 212 612 245 309 0 151 109 740 820 91 0 948 34 258 651 466 70 572 814 0 689 291 776 199 516 352 156 0 710 300
0 777 652 364 477 163 72 301 842 275 931 855 970 799 258 139 350 518 839 245 0 947 1000 0 43 622 484 835 523 0 606 276 561 38 130 0 47 806 913 322 968 979 259 486 123 457 983 903 0 614 968 0 793 667 51 355 639 473 138 639 0 105 387 808 77
0 0 48 0 419 903 221 298 0 450 0 0 589 46 172 399 978 67 274 419 0 745 920 884 321 641 0 0 617 570 6 975 156 228 675 87 0 859 0 560 382 504 0 0 865 385 586 0 0 136 383 865 959 173 268 19 313 198 724 832 757 0 0 786
0 0 354 0 285 856 153 19 636 116 0 7 565 507 452 345 526 567 2 0 0 895 743 648 617 225 468 117 568 95 792 922 812 407 176 294 815 513 0 371 216 0 846 960 0 169 629 496 890 796 300 839 697 0 488 972 148 605 259 49 955 134 0
0 259 0 653 0 233 443 826 0 0 472 0 635 474 500 762 489 381 515 444 305 403 985 0 0 315 893 0 259 205 0 480 461 371 595 286 484 411 0 476 311 825 0 409 173 794 349 0 916 237 0 653 959 786 786 282 592 820 985 851 110 456
0 58 3 788 356 0 703 593 0 610 979 194 431 793 539 0 475 272 0 800 607 0 175 514 0 198 323 189 421 556 0 0 357 140 322 833 149 739 577 0 722 303 316 128 793 238 939 341 274 695 859 53 281 0 0 436 786 0 353 0 136
0 212 489 675 675 0 555 180 577 462 0 825 822 41 0 818 76 0 129 580 932 308 94 262 0 481 870 701 545 125 282 187 0 0 902 716 887 0 898 0 0 508 741 802 0 43 0 934 971 533 627 121 26 497 562 254 73 684 0 94
0 136 404 783 227 547 0 972 891 174 397 495 792 972 941 679 0 0 775 996 771 401 0 0 345 0 833 62 0 0 178 862 778 303 606 43 0 955 0 221 725 381 949 762 853 0 514 0 107 778 351 0 0 241 575 189 890 756 542
0 112 27 485 0 38 179 928 300 991 793 735 209 448 784 0 0 0 459 120 150 688 0 332 698 0 0 91 356 0 960 569 984 594 441 509 406 320 0 605 837 300 218 722 0 0 0 171 582 984 0 572 0 885 0 0 338 679
0 812 772 1 800 375 248 437 342 0 233 312 0 550 392 0 482 0 0 414 793 94 416 223 684 581 462 907 0 982 36 384 978 454 0 985 456 0 405 337 0 290 0 628 215 0 442 178 0 164 81 237 0 323 0 946 454
0 952 0 205 921 311 890 257 756 609 376 240 33 534 93 585 588 589 0 210 750 608 413 0 931 184 0 737 878 0 0 974 216 593 533 0 643 0 201 698 0 167 536 0 307 0 338 885 0 843 723 0 71 258 127 628
0 675 451 671 986 0 290 807 354 719 38 892 696 719 58 402 740 0 6 778 155 793 0 206 0 0 311 298 848 718 0 0 693 555 0 914 0 127 90 466 236 535 736 200 0 0 226 0 0 199 0 266 743 221 235
0 936 443 0 0 205 816 789 603 589 730 106 0 406 595 709 0 937 548 518 227 0 610 205 428 398 0 881 662 993 678 578 403 400 991 0 666 92 900 738 0 76 0 0 299 95 504 112 201 937 330 973 0 543
0 626 457 947 295 140 717 168 56 311 680 756 508 443 489 258 773 328 970 830 436 751 996 472 947 739 773 309 531 658 452 358 0 5 265 596 394 85 806 70 515 162 0 265 0 534 654 0 0 0 0 347 818
0 226 313 0 778 465 893 0 704 565 456 873 921 0 151 923 339 152 451 602 0 0 765 360 849 989 14 338 497 811 0 718 561 162 0 864 323 519 0 964 0 564 0 451 0 553 379 636 299 841 686 717
0 779 835 0 0 0 746 121 574 0 0 124 0 412 52 750 907 848 113 200 699 0 970 0 825 820 805 0 681 737 661 0 48 163 237 795 247 12 558 786 901 471 397 512 65 991 134 51 113 28 672
0 873 626 563 594 0 0 628 714 659 0 0 326 355 320 503 937 588 705 515 292 725 771 41 549 283 48 585 132 356 841 0 1 0 724 525 845 516 816 366 0 0 128 838 51 847 507 776 139 996
0 60 360 515 268 0 123 176 268 88 257 36 450 697 25 982 421 991 0 293 873 126 0 213 721 846 634 0 954 623 54 213 145 221 43 714 946 2 450 916 810 442 749 708 860 553 547 565 414
0 251 27 325 974 865 307 501 826 586 30 179 919 622 0 0 529 0 263 445 915 455 836 132 51 0 320 288 371 767 0 209 343 534 0 129 351 0 36 217 262 308 72 683 0 130 128 730
0 0 944 694 142 409 182 742 0 805 907 855 987 0 80 810 162 0 817 130 0 88 209 606 990 319 0 527 0 452 871 748 480 193 145 697 0 183 384 678 273 386 0 382 422 256 280
0 805 986 260 0 678 0 500 962 518 254 205 886 900 100 621 49 0 534 436 496 376 841 638 6 832 269 199 524 465 76 844 539 803 620 950 167 657 884 753 397 0 534 95 260 767
0 253 328 161 0 15 0 469 531 577 387 985 904 876 94 271 0 534 507 364 138 833 429 336 191 967 728 826 799 364 793 250 431 0 0 244 111 854 0 0 226 24 963 450 245
0 925 0 886 413 0 763 210 290 215 5 1000 172 762 0 0 429 642 301 661 37 176 105 0 130 250 544 0 0 0 755 946 0 650 305 0 285 39 262 0 667 0 487 627
0 82 86 325 442 739 630 511 904 978 682 539 501 420 737 0 339 982 154 0 333 862 0 452 105 977 829 574 0 197 73 340 77 0 190 522 205 407 675 205 0 158 0
0 225 203 476 913 0 148 402 72 524 88 544 0 118 714 681 0 920 529 329 0 360 705 451 533 509 939 9 171 871 978 639 157 966 583 227 473 644 760 342 303 320
0 626 296 196 0 347 433 0 649 753 460 813 544 787 0 337 0 588 3 853 237 73 266 53 40 468 0 0 0 0 0 628 201 550 392 755 200 249 196 454 0
0 0 27 662 844 931 604 0 0 24 251 562 239 81 468 0 121 286 711 0 204 596 16 298 857 88 28 540 0 764 337 900 527 183 953 0 49 709 0 0
0 407 762 0 933 0 786 342 910 420 358 299 745 420 24 721 0 256 907 0 635 947 934 776 0 0 0 806 0 459 540 515 773 998 0 862 522 576 999
0 524 20 653 324 826 0 319 790 623 790 335 0 12 108 0 622 78 947 490 74 693 177 488 228 453 980 0 320 720 0 605 351 702 0 482 0 0
0 767 0 451 406 521 371 233 728 218 711 409 0 923 785 942 465 610 896 554 81 189 977 829 482 289 78 867 738 0 974 97 986 951 132 808 857
0 66 522 518 222 405 0 127 0 533 993 253 968 24 0 0 240 878 35 18 154 313 508 391 995 207 0 600 546 710 951 785 453 50 904 642
0 190 526 323 201 0 785 583 803 19 0 126 567 426 717 477 0 437 645 767 0 984 647 282 873 848 160 745 858 80 383 497 776 521 178
0 547 948 195 739 114 550 9 0 902 715 339 171 587 787 11 589 282 49 320 0 0 889 249 0 116 962 432 972 764 847 172 542 662
0 168 843 458 156 56 810 885 0 0 950 0 579 0 878 0 0 442 216 0 401 331 508 782 0 213 0 577 0 0 854 464 411
0 133 43 0 873 908 139 0 866 820 836 0 0 0 311 0 167 0 762 0 21 834 59 867 0 393 756 931 0 955 366 943
0 807 0 0 561 10 559 840 830 502 660 0 0 0 666 54 730 0 110 185 926 267 468 113 348 309 915 0 650 0 0
0 449 913 979 82 359 0 944 495 834 0 425 944 508 437 398 631 482 866 260 0 711 912 155 480 292 363 736 336 0
0 803 706 235 764 0 910 0 164 0 714 0 8 592 717 815 851 0 854 0 444 0 0 535 335 529 895 0 783
0 643 462 0 122 414 774 897 433 303 152 570 341 178 245 592 927 0 528 0 0 739 584 745 402 374 0 167
0 494 36 294 744 0 225 0 853 455 262 160 305 736 522 490 749 430 828 149 152 760 522 0 658 656 337
0 271 0 0 364 0 788 118 0 0 0 894 581 72 78 0 939 137 0 429 710 4 299 387 443 822
0 152 558 455 462 396 694 498 0 149 0 57 1000 0 96 763 851 715 299 0 0 437 947 825 194
0 969 258 982 80 45 740 684 169 984 121 44 613 463 612 820 164 102 0 290 0 65 386 0
0 181 249 878 54 672 629 0 566 46 708 628 0 243 109 314 39 386 380 167 652 187 470
0 22 680 225 338 839 617 983 106 0 190 182 264 323 972 0 995 239 908 0 734 243
0 644 358 0 15 255 537 645 646 668 0 477 0 226 343 344 0 707 565 0 834
0 778 631 519 0 0 393 0 162 162 221 901 563 872 858 965 105 24 0 427
0 0 0 66 672 664 130 0 318 277 105 201 0 332 0 280 200 313 491
0 0 0 76 0 273 0 68 837 0 0 549 475 114 962 720 670 0
0 775 423 0 240 367 558 876 0 0 840 0 0 652 0 952 264
0 857 0 0 1000 163 496 200 0 709 832 346 0 575 0 284
0 0 673 0 668 997 243 0 462 0 179 722 0 362 869
0 752 0 436 844 0 862 926 0 112 147 742 206 0
0 722 0 163 0 400 1000 315 922 652 446 69 0
0 927 451 52 0 971 587 478 11 278 356 778
0 652 729 422 627 659 0 509 403 207 633
0 553 753 667 100 0 0 0 543 718
0 541 89 542 811 176 139 78 524
0 676 955 352 0 742 0 881
0 850 0 534 306 224 752
0 0 693 0 297 43
0 349 917 110 0
0 165 517 0
0 562 403
0 238
0
