100 2
udyfbfsyuhklf
jzxlaxphlctti
jtweilukcnmcc
tdpwmfprvrkkx
jgpqdquyyorvq
ygsytibwlgcgh
qekhwerkmhqhk
ehgxujvnxlahg
ecbepdukkqcpu
fwihjgwujnolc
qoqzmwhzgdkjd
rrhgwxjsxphrf
rtyypymflpekm
lbpodmtmdrnki
nscwmxcieymei
qykaiummwjigt
elqyzkkdabwbx
jyreogvqgmbsa
tzbpwdbwvkuld
vqdetcxaofyuw
ksiavbpdvzjih
wwuutpwkrzfoj
yecpvyjxaxbkd
jaoefnaivuqlg
asxcbefjuscwz
imczldxitoeov
kdwipzcqgekgx
vlsuhzbvjqrjx
oxqdurhblhxxg
yiumajuvqjmfx
veqpztkgqginz
mnchcbbnoqgqe
bownpbqsslxqc
gsjoksjldngoi
zinirjmjvunyq
fwrneykrllopl
cxyitaqlmrhrk
nmvgdrzrlyghi
ubjkrdzkgufho
pxdxoqeaxoybb
pljcbjpvnkicx
ansmidyrwxhfp
hjchcqnmgsooe
wdeiofsqwvefq
hwtyljgsdfazr
rcwwcteudbdtl
qbtsyykduudbj
lonzbhfucriel
sddhvtdoivitf
wlpxqfzxqsrby
czmhhtgyxwwij
hdocbnmotalbx
yuwzpkrkgyiqr
rvqigcatthpmu
tsxpvhvvtwxio
lfblvfmfrdoei
wfixqsdyhgpvv
plrmtdykeflcq
esquidjiyjlcv
ozyqyehygvtxy
fffmyvshfvwrc
webyjyyundlyu
aivpwatmyupam
qaxcfxuramftu
oygbwyvuxcaqf
hmxdnxeygancg
tlhivrvpdfkop
gctwyjysrhvke
twgckzasipuug
urqmaytoeuend
flhwjjccyoigm
qqocydvgwrcjz
whnvfxqkcugyx
qcqgvjxobtjpm
tvfvxupvkrjmi
vnqpeolpyylgu
ccsxrfansoctq
piqjgaeetqqqr
zqlvhdniehhla
zubxomkwacgth
uoldddobjlozf
wqepgunblnkzd
evbtztyjucenp
igecowfpxrgnt
cjlxpahikjddz
utnyykaixlxoc
okbahjsjaislo
qhydiwolhcqyk
bkyajbvipyied
paopiyyfvaftz
ndrqrvkwdaqvf
rskijookfjzrv
whmiawfwjaonl
rwlfjmhbdrile
ewnvcwtpuakhq
bdupwqfraqmsb
vcrknoirinnos
irujusypawtfg
gpatrkebmcvoo
nowxemguoenwm
0 1 1 0 1 1 1 1 0 1 0 0 0 0 0 0 1 0 1 1 0 0 0 0 0 1 1 0 1 0 1 0 0 0 1 1 0 1 1 1 0 1 1 0 0 0 1 0 0 1 1 0 0 0 1 1 1 1 0 0 0 1 1 1 0 0 0 0 0 0 0 1 1 0 0 1 0 1 0 1 1 0 1 0 0 0 1 1 0 1 1 0 0 0 0 0 0 0 0 0
0 1 1 0 0 0 0 0 0 1 0 0 1 1 0 0 1 0 0 0 0 0 0 0 0 0 1 0 1 1 0 0 0 1 0 0 0 0 0 0 0 1 0 0 1 0 0 0 1 0 1 0 0 1 0 0 0 0 1 0 1 0 1 1 1 0 0 0 0 0 1 0 0 1 0 1 0 0 1 0 1 0 0 0 0 1 0 0 1 1 0 0 0 0 0 0 1 1 0
0 1 0 0 0 1 0 0 0 1 0 1 1 0 0 0 0 0 0 0 0 1 1 1 1 1 1 0 0 0 0 1 0 0 0 0 1 0 0 1 0 1 0 0 0 1 0 0 0 1 0 1 0 1 1 0 1 0 0 1 0 0 0 0 0 1 0 1 1 0 0 0 0 0 1 0 0 0 0 0 0 1 0 0 0 0 0 0 0 0 0 1 0 0 0 0 0 102
0 0 0 0 1 0 0 0 0 0 0 0 1 1 1 0 0 0 0 0 0 0 1 0 0 0 0 0 0 0 1 0 1 1 1 0 0 0 1 0 0 0 0 1 0 1 0 1 1 1 0 1 1 0 1 0 0 0 0 0 0 1 0 0 0 0 0 0 0 0 0 0 0 1 0 0 0 1 0 1 0 1 0 0 1 0 0 1 0 1 1 0 0 1 0 0 1
0 1 1 0 1 0 0 1 1 1 1 1 1 1 0 0 1 0 1 0 0 0 0 1 0 0 0 0 1 0 1 1 0 0 1 1 1 0 1 1 1 0 1 0 0 1 1 1 1 1 1 1 0 0 0 0 0 0 0 0 1 0 0 0 0 0 1 1 0 1 0 1 0 0 0 1 0 0 1 1 1 1 0 1 0 1 1 1 0 0 1 0 0 0 0 1
0 1 0 0 0 0 1 0 0 1 0 0 0 1 0 0 0 0 0 1 0 0 1 1 1 0 1 1 0 0 1 0 1 1 1 1 0 0 0 1 0 1 0 0 0 0 0 0 1 0 0 1 0 0 0 0 0 1 0 1 0 0 0 0 0 0 0 1 0 0 1 0 1 1 0 0 1 1 1 1 0 0 0 0 0 1 1 1 0 0 1 1 1 0 0
0 0 1 1 1 1 0 0 0 1 0 0 0 1 0 1 0 1 1 0 0 0 0 1 0 1 0 1 0 0 0 1 0 0 1 1 1 1 1 0 1 1 0 1 0 0 1 0 1 0 0 0 0 1 1 0 0 0 0 1 0 0 0 1 1 1 1 0 0 1 1 0 1 1 0 0 0 0 0 0 0 1 0 0 0 1 0 0 1 0 0 1 1 0
0 0 0 0 0 0 0 0 0 0 1 1 0 0 0 0 0 0 1 0 0 1 1 1 0 1 0 0 0 0 0 1 1 1 0 1 0 1 0 0 1 0 0 0 1 0 1 0 1 0 1 0 0 1 1 0 1 0 0 0 0 0 1 1 1 0 0 0 1 1 0 0 1 0 1 1 0 0 1 0 1 0 0 0 0 0 1 1 0 0 1 0 0
0 0 0 0 1 1 0 0 1 0 0 0 1 0 0 1 1 1 0 0 1 1 0 0 0 0 0 1 1 0 1 0 0 1 1 0 1 1 0 0 0 0 0 0 0 1 0 0 0 0 1 1 0 0 1 0 0 0 0 1 1 0 1 0 1 0 1 0 0 0 1 0 0 1 0 0 0 0 0 1 0 1 1 0 0 0 0 0 0 1 0 0
0 0 1 0 1 0 1 0 1 0 1 0 0 1 1 0 0 0 1 1 1 1 0 0 1 0 0 1 0 0 0 1 1 1 0 1 0 1 0 0 0 0 0 1 0 1 1 1 0 0 0 1 1 0 0 0 0 0 1 0 0 0 0 1 1 0 1 1 1 1 0 0 1 0 1 0 0 0 0 1 0 0 0 0 0 0 0 0 0 0 0
0 0 0 1 0 0 1 0 0 1 1 0 0 1 0 1 0 1 1 0 1 0 0 0 0 1 1 1 0 1 0 0 0 0 1 1 0 0 1 1 1 0 0 1 0 0 0 1 0 1 1 1 1 0 0 0 0 0 0 1 0 1 0 1 1 0 0 0 0 0 0 0 0 0 0 0 0 0 0 0 1 1 1 1 0 1 0 1 0 0
0 0 1 1 1 0 0 1 1 1 1 0 1 1 1 0 0 0 1 0 1 1 0 0 0 1 0 0 0 1 0 1 1 0 1 0 1 1 0 0 0 0 0 1 0 1 1 0 0 1 1 0 0 1 0 1 0 1 0 1 0 0 1 1 1 1 0 0 0 1 0 0 1 1 0 0 0 1 1 1 1 0 0 1 0 1 1 0 0
0 1 0 0 0 1 1 0 0 1 1 1 1 1 0 1 0 1 0 0 0 1 0 0 0 0 0 0 0 0 0 1 0 1 0 1 1 1 1 0 1 1 1 1 1 0 0 1 0 0 1 0 1 1 0 0 1 1 0 1 1 1 0 1 0 1 1 0 0 1 0 1 0 0 1 0 0 0 0 0 0 1 1 0 1 0 0 0
0 1 1 0 0 1 1 1 0 1 1 0 0 0 1 1 0 0 0 0 0 0 0 0 0 1 1 1 0 1 1 0 1 0 0 0 1 1 1 0 1 0 1 1 1 1 1 1 0 0 0 0 1 0 1 0 0 0 0 0 1 0 1 1 1 0 1 0 0 0 0 0 0 1 0 0 1 0 0 0 0 1 0 1 0 0 0
0 0 0 1 0 0 0 1 0 0 1 0 0 0 1 0 1 1 0 0 1 0 0 1 0 0 1 0 0 0 0 0 1 1 0 1 0 1 0 0 1 1 0 0 1 1 1 1 0 0 0 1 0 1 0 1 1 0 1 0 1 1 0 0 0 0 0 0 0 0 1 1 1 1 1 0 0 0 0 0 0 0 0 0 0 1
0 0 0 1 1 0 1 1 0 0 1 0 0 1 1 1 0 1 1 0 0 0 0 1 0 0 0 0 0 0 0 0 1 0 0 0 1 1 0 0 0 0 0 0 0 0 0 1 1 1 0 0 0 0 0 0 1 1 0 0 1 1 0 0 0 1 0 0 1 0 0 0 0 0 0 0 1 1 0 0 0 0 1 0 0
0 0 1 1 0 0 1 0 1 1 1 0 1 1 0 1 0 1 0 0 0 0 0 0 0 1 1 1 0 0 0 1 0 0 1 1 0 1 0 1 0 1 1 1 1 0 1 1 1 0 1 0 0 0 0 1 1 1 1 1 1 0 1 0 0 0 0 0 0 0 0 0 0 1 0 0 0 1 1 0 1 0 1 1
0 0 0 1 1 1 1 0 0 0 1 1 0 1 0 0 0 1 0 0 1 0 1 1 0 0 1 1 0 0 1 0 1 0 0 0 0 0 0 0 0 1 0 1 1 0 1 1 1 0 0 0 0 1 1 1 1 0 1 0 0 1 0 0 1 0 1 1 0 1 0 0 1 0 1 1 0 1 0 0 1 1 1
0 0 0 1 1 0 1 1 0 1 0 0 0 1 0 0 1 1 1 0 0 0 0 1 0 1 0 0 1 1 1 0 1 0 0 0 0 0 1 0 0 0 1 1 0 1 1 1 0 0 1 0 1 0 1 1 1 1 1 0 0 1 0 0 0 1 1 0 0 1 0 1 1 0 0 0 1 1 1 1 0 1
0 0 0 1 0 0 1 0 0 0 1 0 0 0 0 0 0 0 0 0 0 1 0 0 1 1 1 0 0 0 0 0 0 1 0 0 1 0 1 0 1 0 1 0 1 0 0 0 1 0 0 0 0 0 1 0 0 0 1 0 1 1 0 0 0 0 1 0 1 0 1 1 0 1 1 0 1 1 0 0 1
0 0 1 0 0 1 1 0 1 1 1 0 0 1 0 1 0 0 0 0 1 1 1 1 0 0 0 1 1 1 1 0 0 1 0 0 1 0 0 0 1 0 0 0 0 1 0 0 0 1 1 1 1 1 0 1 0 1 1 0 1 1 0 0 0 1 1 0 1 1 0 0 0 0 1 0 1 1 1 0
0 1 0 0 0 1 1 0 1 0 0 1 0 1 0 0 0 0 0 1 0 0 0 1 0 0 1 0 1 0 1 0 0 0 0 1 1 0 0 1 0 1 0 0 0 0 1 1 1 0 0 0 1 0 0 0 0 0 0 1 0 0 1 1 1 1 0 1 0 1 0 0 0 1 0 1 0 1 0
0 0 0 1 0 0 1 0 1 0 0 1 1 0 1 1 0 0 0 1 1 0 0 1 0 0 0 0 1 0 1 0 0 0 1 1 0 0 1 1 1 1 0 0 1 0 1 0 1 0 0 0 0 0 0 1 0 1 1 0 1 0 0 0 0 1 0 1 0 0 0 0 0 0 1 0 1 0
0 0 0 1 0 0 0 0 0 1 1 1 1 0 1 0 0 0 0 1 0 0 0 1 0 1 0 0 0 1 1 0 0 1 1 0 1 0 1 1 1 1 0 0 1 0 0 1 1 0 0 1 0 0 0 0 0 1 0 1 0 1 0 1 0 1 1 1 0 0 1 0 1 0 0 1 1
0 0 0 1 0 1 1 1 1 1 0 1 0 0 0 0 1 1 0 1 1 1 0 0 0 0 0 0 1 0 0 0 1 0 0 1 0 0 1 1 1 1 0 1 0 1 0 0 0 0 0 0 0 1 1 0 0 1 1 0 1 0 0 0 1 0 1 0 0 0 0 0 1 0 0 1
0 0 0 1 1 0 0 1 1 0 1 0 0 0 1 0 0 1 1 1 1 1 0 1 1 0 1 0 0 1 1 0 1 1 1 0 1 1 0 0 0 1 1 0 0 1 0 0 0 0 0 0 0 1 0 0 0 1 0 0 1 0 1 1 0 1 1 1 0 1 0 0 0 1 1
0 1 0 0 0 1 1 1 0 0 1 0 0 0 1 0 0 1 1 1 0 1 0 0 0 0 1 0 0 1 0 0 0 1 1 0 0 1 0 0 1 0 1 0 0 0 1 0 1 0 0 0 0 0 0 0 1 1 0 0 0 0 0 0 1 1 0 1 1 0 0 0 1 1
0 0 0 1 0 1 0 1 1 0 0 0 0 1 0 1 0 0 1 1 1 0 0 1 0 1 0 0 1 1 1 1 1 1 1 0 1 0 1 1 1 1 1 0 0 0 0 1 0 0 0 1 0 1 1 0 0 0 1 0 1 0 1 1 1 0 0 1 0 1 0 0 0
0 1 0 0 1 0 0 0 0 0 0 0 0 0 0 1 0 0 1 0 0 0 1 0 0 1 1 0 0 0 0 1 0 0 0 0 1 1 1 1 1 0 1 0 1 1 0 0 0 1 0 0 0 0 1 1 0 1 0 0 1 0 0 1 0 0 1 0 0 1 1 1
0 0 1 0 0 1 0 1 1 0 1 1 0 1 1 0 0 1 0 0 1 1 1 1 0 0 0 1 1 0 1 0 0 1 1 1 0 1 0 1 0 0 0 0 1 0 0 1 1 0 0 0 1 1 0 0 1 0 0 1 1 0 1 0 0 1 0 1 1 0 0
0 0 0 0 1 0 0 0 0 0 1 0 1 1 1 1 0 1 0 1 0 0 1 1 0 1 1 0 1 1 0 1 0 1 0 0 0 1 1 0 1 0 0 1 0 0 0 0 1 0 1 0 1 1 0 0 0 0 1 0 1 0 1 0 0 0 0 0 1 1
0 0 1 0 0 0 0 1 0 1 0 0 1 1 0 0 0 0 0 0 1 0 1 1 1 0 0 0 0 0 0 1 1 1 0 1 1 0 0 0 0 0 0 1 0 0 0 0 0 0 0 0 1 1 0 1 0 0 1 1 1 1 0 1 1 0 1 0 1
0 0 1 0 0 1 0 0 0 0 1 1 1 0 0 0 0 1 0 0 0 1 1 1 1 0 1 1 0 1 1 0 1 0 1 0 0 0 1 0 0 0 0 0 0 0 0 1 0 1 0 1 1 0 0 1 1 0 0 0 0 0 0 1 0 1 1 1
0 0 0 0 1 0 0 0 0 1 0 0 0 0 0 0 0 1 1 0 0 1 0 0 0 1 0 1 1 0 0 0 0 0 1 1 1 0 0 1 0 0 1 1 0 1 0 0 1 0 0 0 0 1 1 0 0 1 0 1 0 0 0 1 1 1 0
0 0 0 0 0 0 0 0 0 0 0 0 0 0 0 0 1 0 0 1 0 0 0 0 1 0 0 1 1 1 1 0 0 0 0 0 1 1 1 1 0 0 1 0 1 0 0 0 0 0 0 1 1 0 1 0 0 1 0 1 0 0 1 0 1 0
0 0 0 0 0 0 1 0 0 0 0 0 1 0 0 0 1 0 0 0 1 0 1 1 0 0 0 0 0 0 1 1 1 1 1 0 0 0 1 1 1 0 0 0 0 0 0 0 0 0 0 0 0 1 1 0 0 0 1 0 0 0 0 0 1
0 1 0 0 0 0 1 0 1 0 1 0 0 0 0 0 0 0 0 0 0 1 0 0 0 0 0 0 0 0 0 0 1 0 0 0 1 1 1 0 0 0 1 0 0 0 0 0 0 0 1 0 0 0 0 1 1 0 0 0 0 0 1 0
0 0 1 1 0 0 0 0 0 1 0 0 0 1 1 0 0 0 0 1 0 0 1 0 1 0 1 0 0 0 0 0 1 0 0 1 1 1 0 1 0 0 0 0 1 0 1 1 0 0 0 0 0 0 0 1 0 1 0 1 0 0 0
0 1 0 0 1 1 0 1 0 0 1 0 0 0 0 0 0 0 1 0 0 1 0 1 1 1 0 0 0 0 1 0 0 0 0 1 0 1 0 1 1 1 1 0 1 1 0 0 0 1 1 1 0 0 0 1 0 0 0 0 1 0
0 1 0 0 1 0 1 0 0 1 1 1 1 0 1 0 1 0 1 1 0 1 0 1 0 0 0 0 0 0 0 1 0 0 0 1 1 0 0 0 0 0 1 1 1 1 0 0 0 1 0 0 0 0 0 0 0 1 0 0 1
0 0 0 0 0 0 1 1 0 0 1 0 0 0 0 0 0 1 0 1 1 1 1 1 0 1 0 0 1 1 0 1 0 0 0 0 0 0 0 0 0 1 1 0 1 0 0 0 1 1 0 0 0 0 1 1 1 1 0 0
0 0 0 0 1 0 1 0 0 1 0 0 0 0 0 0 0 0 1 0 1 0 0 1 1 0 0 1 0 1 0 1 1 0 0 0 1 0 1 0 0 0 1 0 0 0 0 1 0 0 1 0 1 1 1 0 0 0 1
0 0 0 0 0 0 1 0 1 0 0 0 0 1 0 0 1 0 1 0 0 1 0 1 1 1 0 0 0 0 1 0 1 0 1 0 0 0 0 0 1 0 0 1 1 1 0 0 0 0 0 1 1 0 0 0 0 1
0 1 1 0 0 0 0 1 0 0 0 0 0 0 0 0 0 0 0 0 0 0 0 0 0 0 1 0 1 1 1 1 0 1 1 1 1 1 1 0 1 0 0 0 1 0 0 0 0 0 0 0 0 0 1 1 0
0 1 0 0 1 1 1 1 0 0 0 0 0 1 1 0 0 0 0 0 0 0 1 1 0 1 0 0 0 0 1 1 1 0 1 0 0 1 0 0 0 0 1 0 1 0 0 0 1 1 1 0 0 0 0 0
0 1 1 0 0 0 0 0 0 0 1 0 0 0 1 0 0 1 0 1 1 0 0 0 0 0 1 0 1 1 0 0 0 1 0 0 1 1 1 0 0 0 1 1 1 0 1 0 0 1 1 0 0 0 0
0 0 1 1 1 0 0 0 1 0 1 0 0 0 0 0 0 1 1 0 1 0 0 1 1 0 0 0 0 0 0 0 0 1 0 0 1 1 1 1 0 0 0 0 1 0 0 0 0 0 0 0 0 1
0 1 1 1 0 0 1 0 1 0 0 0 1 0 1 1 0 0 0 0 0 0 0 1 1 0 0 1 0 0 0 0 1 1 0 1 1 0 0 0 0 0 1 0 1 0 1 0 1 0 0 0 1
0 0 0 0 0 0 0 0 1 0 0 0 0 1 1 0 0 0 0 1 0 1 0 1 1 0 1 1 0 1 1 1 0 1 0 0 0 0 0 0 1 0 1 0 1 1 0 0 0 1 0 1
0 1 0 0 1 1 0 0 0 0 0 0 1 1 0 0 0 1 0 1 1 0 0 0 0 0 0 0 0 1 1 0 1 1 0 0 0 0 0 0 1 1 0 1 1 1 1 0 0 0 0
0 1 1 1 0 0 0 0 1 1 1 1 1 1 1 0 0 0 1 0 0 0 1 0 0 0 0 0 0 1 1 0 0 0 0 1 0 1 1 1 1 1 1 0 0 0 0 1 0 1
0 0 0 0 0 0 0 0 0 0 0 1 1 0 0 1 0 1 0 0 0 0 0 0 1 0 1 1 1 1 0 0 0 0 0 0 1 0 0 1 0 1 0 1 1 0 0 1 0
0 0 0 0 1 0 0 0 0 0 0 0 0 1 0 0 1 0 1 0 0 0 1 0 0 1 1 0 1 0 1 1 0 0 1 1 0 0 0 0 0 0 0 0 0 0 1 1
0 0 0 0 0 1 0 0 0 1 0 1 1 0 0 0 0 1 1 1 0 1 0 0 1 0 0 1 0 0 0 0 0 0 0 0 1 1 1 0 1 1 1 1 0 1 1
0 0 0 1 0 0 0 0 0 0 1 0 0 0 0 0 0 0 0 0 0 0 0 0 0 0 1 0 1 0 1 0 0 1 1 1 0 1 0 0 1 1 1 0 1 0
0 0 1 0 0 0 1 1 1 0 0 1 1 1 0 1 1 0 0 1 1 0 1 1 0 0 0 1 0 1 1 1 1 1 0 0 1 1 1 0 0 1 0 0 1
0 0 1 1 1 0 0 1 0 0 1 0 1 1 0 0 0 1 1 1 1 0 0 1 0 1 1 1 0 1 0 0 0 1 1 0 0 0 0 0 1 0 0 1
0 1 0 0 0 0 0 0 0 1 0 0 0 0 0 1 1 0 0 1 0 1 1 1 0 0 0 1 0 1 1 0 0 0 1 0 1 1 0 0 0 1 1
0 1 0 0 0 0 0 0 0 1 0 1 1 0 1 0 0 0 0 0 1 0 1 0 0 0 0 0 0 1 0 0 1 1 0 0 1 1 0 0 1 0
0 0 0 1 0 1 1 0 1 1 0 0 1 0 0 0 1 0 0 1 1 0 1 0 0 1 0 1 0 0 0 0 0 0 1 0 1 1 1 0 0
0 0 0 0 0 1 0 1 1 1 0 1 0 0 0 0 0 0 0 1 1 1 1 0 0 1 1 1 0 0 1 0 0 1 0 0 1 0 0 1
0 0 0 1 1 1 0 1 0 0 0 1 1 1 0 0 0 0 1 0 1 0 1 0 1 0 0 1 0 0 0 0 1 0 1 1 0 1 0
0 0 0 1 0 1 0 1 0 1 0 0 0 0 1 0 0 0 0 1 0 0 0 0 0 0 0 1 0 1 1 0 1 0 1 0 0 0
0 0 1 0 0 0 0 0 1 0 1 1 0 0 0 1 1 1 1 1 1 0 1 1 0 0 0 0 0 0 0 1 0 1 1 1 0
0 0 0 0 0 0 0 0 0 0 0 0 1 1 0 0 1 0 0 0 0 1 0 1 0 0 1 1 1 0 1 0 0 0 1 0
0 0 0 0 1 0 0 0 0 0 1 0 1 0 0 1 0 1 0 1 0 1 1 0 0 0 1 0 0 1 0 0 1 1 1
0 1 1 0 0 0 0 0 0 1 0 0 1 0 1 0 1 0 0 0 1 0 0 1 0 0 0 1 1 0 0 0 0 0
0 0 0 1 0 0 1 1 0 1 0 0 0 0 1 0 1 1 0 1 0 1 0 1 0 0 0 0 1 1 0 0 0
0 1 1 1 1 1 0 0 0 1 1 0 1 0 0 0 0 1 0 0 1 1 0 1 1 0 1 0 1 0 1 0
0 0 0 0 0 1 0 1 0 1 0 0 1 1 1 0 1 0 1 1 0 0 0 1 0 0 0 0 0 1 0
0 1 0 0 0 1 0 0 0 0 0 1 0 0 0 1 0 0 0 1 0 0 1 0 1 0 0 0 1 0
0 0 0 0 1 1 1 0 0 1 0 1 1 0 0 0 0 0 0 0 1 0 0 1 1 0 0 0 1
0 0 0 0 0 0 0 0 0 0 0 1 1 0 0 0 1 0 1 1 0 1 1 0 0 1 1 0
0 1 1 1 0 0 0 0 0 1 0 1 0 0 0 1 0 1 0 0 0 1 1 0 0 1 0
0 0 1 0 0 0 0 0 0 0 0 0 0 1 0 0 1 1 0 1 0 0 1 0 0 1
0 1 1 1 0 1 1 0 1 1 1 1 1 1 1 0 1 0 1 1 0 0 0 0 1
0 1 1 1 1 1 1 0 0 0 0 0 0 0 0 0 1 0 0 0 0 0 0 0
0 0 0 1 1 1 0 1 1 0 1 0 0 0 0 0 0 0 0 1 0 0 0
0 0 0 0 0 1 1 1 0 0 1 1 1 0 1 1 1 0 0 0 0 0
0 1 1 0 0 1 1 0 1 1 0 0 0 0 0 1 0 0 1 1 0
0 0 1 0 0 0 0 1 0 1 0 0 0 1 1 1 0 0 0 1
0 0 0 0 1 1 0 0 0 1 1 0 0 0 0 1 1 0 0
0 0 1 0 0 0 0 0 1 0 0 1 1 0 1 0 1 1
0 0 0 0 0 1 0 1 1 1 1 1 0 0 0 1 0
0 0 0 1 1 0 0 0 0 0 0 0 0 0 1 0
0 0 0 0 0 1 1 0 0 0 0 0 1 0 0
0 1 0 1 0 0 0 1 0 1 1 1 0 0
0 1 0 1 1 0 1 0 0 1 1 1 1
0 1 0 1 0 1 0 1 0 0 1 1
0 0 0 1 0 0 1 1 0 0 0
0 0 0 1 1 0 0 0 0 1
0 0 0 0 1 1 0 0 1
0 0 1 1 0 0 0 1
0 0 1 1 0 0 0
0 1 0 0 1 1
0 1 0 1 0
0 1 1 1
0 1 0
0 1
0
udyfbfsyuhklf
jzxlaxphlctti
jtweilukcnmcc
nowxemguoenwm
